491
42
258
533
208
319
188
204
235
829
259
132
429
109
46
746
134
637
456
120
695
925
961
671
336
384
937
10
866
487
505
673
510
921
216
431
856
54
968
50
39
426
676
142
594
974
637
143
736
897
618
547
400
688
881
799
103
597
170
357
472
963
439
706
601
857
626
471
319
664
641
671
932
799
173
147
876
824
516
272
663
499
516
131
928
334
111
818
44
818
350
890
770
831
36
530
716
692
973
858
692
747
90
807
358
587
717
100
841
175
762
701
163
50
117
36
538
297
239
39
244
268
966
25
388
627
583
854
21
708
327
560
218
748
804
446
77
501
785
768
664
686
271
950
918
371
562
850
313
92
968
948
469
687
521
479
907
704
335
955
467
634
923
395
376
220
93
811
718
249
5
3
668
51
200
435
907
839
546
85
900
832
369
20
282
656
167
626
851
349
370
281
267
134
547
655
719
740
31
288
563
124
131
987
413
167
276
335
931
165
834
258
873
216
363
691
717
697
466
850
631
62
630
299
194
359
924
110
918
348
644
995
856
94
715
905
469
916
388
360
874
366
505
254
977
464
293
441
861
616
696
736
522
272
471
803
287
33
339
988
557
787
878
61
465
459
246
446
926
693
645
385
965
180
670
760
106
817
152
762
531
486
650
271
524
783
195
408
383
157
928
54
906
21
602
835
539
365
164
500
809
342
451
607
603
531
40
85
949
737
614
97
150
676
563
924
9
139
544
215
703
302
110
892
104
755
127
803
405
989
128
245
479
666
112
821
962
188
376
884
444
616
570
809
610
452
960
582
149
601
277
161
960
385
374
826
30
723
830
221
244
425
180
347
29
873
69
359
126
794
33
704
715
241
777
242
878
521
558
818
576
931
463
474
412
95
226
150
2
90
458
277
414
201
158
229
585
359
747
864
813
209
554
197
384
770
908
118
481
202
575
782
299
976
568
460
401
209
802
648
974
531
238
73
483
119
397
549
606
941
656
371
470
170
46
37
959
95
552
407
78
397
736
688
5
742
836
994
344
108
291
991
914
195
168
949
666
631
799
258
183
938
773
357
915
177
766
437
33
355
304
335
82
230
858
978
884
273
916
824
227
971
765
492
346
882
502
504
367
970
19
538
227
478
18
806
883
3
728
624
397
408
142
954
518
164
797
455
153
159
93
501
717
218
683
284
948
108
721
111
973
289
50
888
375
789
678
58
420
180
832
528
782
577
114
802
331
214
187
981
985
837
310
495
343
529
693
42
900
78
597
947
907
807
727
77
392
340
925
490
660
389
833
247
714
406
772
17
238
331
84
578
789
634
815
922
185
689
77
481
515
651
770
782
939
127
907
792
642
147
601
347
879
496
667
933
619
15
672
232
331
31
520
978
440
100
159
710
467
644
73
982
445
570
924
362
61
994
749
288
827
787
811
549
771
528
892
275
690
613
906
882
613
501
436
247
170
426
446
185
583
192
648
910
665
401
399
474
127
919
637
34
439
877
270
252
13
508
494
860
11
803
42
682
229
314
499
277
551
163
113
26
183
986
349
524
164
831
85
802
185
945
935
262
277
701
275
187
513
765
622
256
988
645
792
55
381
226
171
525
524
92
947
467
941
70
363
354
814
182
107
707
949
493
578
854
633
931
645
784
42
131
197
741
485
333
176
168
291
348
0
329
186
505
593
61
446
235
684
486
480
328
986
773
623
201
577
927
97
74
189
627
78
346
177
784
732
206
744
810
415
817
648
467
830
729
48
75
525
516
323
286
646
744
600
298
105
838
139
0
396
501
799
5
901
889
987
185
402
733
21
426
768
913
677
808
969
542
254
57
53
276
686
181
297
785
3
237
693
660
51
194
261
49
668
852
906
814
427
674
617
870
386
60
867
667
58
172
66
469
524
496
1
27
224
953
842
180
737
489
776
530
767
851
578
223
17
74
480
258
795
904
628
442
595
477
528
60
515
175
12
558
177
702
70
458
656
748
429
259
399
622
37
898
394
132
385
601
1
880
948
52
32
279
566
522
527
71
398
968
788
375
895
154
790
276
846
758
711
873
100
252
912
950
584
834
611
318
598
143
545
933
870
475
261
66
471
664
562
163
52
936
647
807
58
219
886
809
976
856
26
359
975
683
873
319
802
44
436
831
283
107
573
333
353
245
174
741
587
978
985
285
448
783
714
296
156
919
917
412
405
542
669
707
320
885
839
160
849
552
523
751
425
206
807
57
257
451
470
258
551
820
754
362
394
269
634
932
718
133
844
593
236
343
969
669
508
616
390
748
693
85
34
479
883
147
846
774
45
861
846
849
388
97
107
755
958
372
353
796
843
99
870
515
288
884
83
590
313
636
802
222
327
293
752
970
52
31
728
595
348
254
345
791
709
873
880
302
759
874
334
711
782
147
459
499
997
433
954
176
829
783
71
291
896
681
160
992
956
527
514
128
710
388
808
719
614
150
132
351
871
354
27
544
44
269
307
487
350
688
930
598
578
676
605
518
701
563
632
408
937
958
542
6
653
918
20
968
365
482
769
419
950
439
151
677
431
334
901
384
448
788
488
314
118
77
970
800
23
555
988
781
220
48
354
765
370
981
452
930
990
370
97
381
978
463
25
452
261
413
583
521
944
127
786
557
426
660
790
703
393
501
56
600
581
644
40
589
455
420
617
435
839
414
501
753
590
838
557
555
580
219
506
729
664
181
286
889
166
552
860
478
108
369
375
29
552
51
785
835
527
686
823
581
777
371
971
897
580
472
339
680
800
396
269
420
590
77
634
378
771
612
811
899
238
545
785
310
368
733
128
875
215
947
992
652
253
38
522
733
880
950
171
881
669
289
283
924
583
233
920
253
822
834
472
383
946
309
499
766
635
601
765
903
641
380
889
440
402
358
705
371
185
314
262
722
651
582
380
213
683
244
797
106
33
888
14
317
919
140
678
452
394
650
197
859
597
92
321
183
582
997
261
542
425
206
114
798
763
798
233
298
109
486
27
208
211
336
454
657
416
574
255
432
81
430
321
339
30
605
658
527
957
324
608
209
746
476
470
314
758
764
368
950
669
28
282
261
611
678
425
952
148
682
317
486
994
558
63
697
326
82
219
31
398
229
223
41
762
974
642
608
579
756
124
468
860
441
248
798
492
125
543
781
25
235
546
937
948
618
976
950
828
556
287
213
868
312
822
489
533
95
424
275
369
70
32
386
603
313
634
719
790
653
678
546
430
357
886
694
949
912
381
792
319
865
22
1
894
1
893
890
850
38
817
581
871
22
223
79
151
789
70
122
772
882
326
785
137
804
177
741
899
982
519
152
581
93
441
355
256
531
125
666
817
245
317
328
795
691
801
236
565
261
657
872
745
655
446
653
488
175
137
220
623
500
138
610
867
292
228
529
197
151
840
567
216
590
724
759
769
480
767
658
369
203
341
761
701
238
642
358
126
45
604
912
599
696
937
905
644
98
478
614
470
890
101
748
989
445
611
306
657
913
177
754
918
126
410
920
276
549
434
568
628
848
706
110
968
660
873
898
300
815
581
79
883
572
981
876
982
22
688
907
610
73
840
494
609
126
415
962
624
519
326
795
686
175
501
471
928
46
740
119
579
466
941
238
455
238
653
417
305
708
167
739
152
459
643
839
599
423
298
163
301
504
962
68
327
249
970
865
739
217
423
534
973
903
535
164
23
252
916
902
327
39
282
786
563
847
913
787
644
870
141
292
947
844
759
533
169
986
553
255
918
594
140
280
869
843
563
693
102
456
3
862
523
243
198
331
966
836
369
907
232
613
643
912
162
426
777
776
672
620
187
484
643
171
684
43
876
330
556
792
775
636
647
593
300
159
307
889
720
340
323
116
731
616
194
638
830
695
48
199
378
100
841
760
841
198
764
316
521
428
953
798
704
522
57
645
388
236
139
192
464
29
6
413
446
791
587
167
223
850
984
784
133
411
432
911
100
854
842
543
169
639
432
151
641
3
885
905
517
202
297
676
381
359
249
356
772
872
153
429
230
340
452
119
329
307
448
968
642
90
719
778
86
494
351
993
786
434
311
191
321
606
931
803
581
248
152
945
246
213
967
82
962
98
975
874
414
800
44
345
531
442
809
557
679
651
566
491
235
90
644
371
400
512
176
604
357
130
445
382
979
39
92
876
775
914
966
950
763
229
297
633
982
516
373
184
633
760
314
281
3
603
312
59
851
302
521
482
680
958
48
609
713
759
11
424
531
676
670
337
201
634
166
88
763
894
969
358
680
733
234
428
933
345
569
670
327
848
257
756
959
534
236
146
74
605
247
770
156
284
385
47
15
776
381
416
916
686
570
521
150
430
281
248
741
948
962
916
467
761
285
19
494
651
638
386
681
658
580
940
518
278
700
144
639
255
906
546
749
976
533
303
351
19
887
691
50
181
584
166
172
284
853
420
118
933
903
644
640
120
872
612
881
56
767
366
23
615
598
386
254
92
560
332
905
597
761
214
360
355
446
179
421
114
344
161
132
121
553
827
399
626
198
271
28
177
515
998
592
141
998
892
759
612
999
141
1000